{
  "nbformat": 4,
  "nbformat_minor": 0,
  "metadata": {
    "colab": {
      "provenance": [],
      "authorship_tag": "ABX9TyN3iLaHIu+wdQyK103msFpX",
      "include_colab_link": true
    },
    "kernelspec": {
      "name": "python3",
      "display_name": "Python 3"
    },
    "language_info": {
      "name": "python"
    }
  },
  "cells": [
    {
      "cell_type": "markdown",
      "metadata": {
        "id": "view-in-github",
        "colab_type": "text"
      },
      "source": [
        "<a href=\"https://colab.research.google.com/github/mredelis/CAP4453-Robot-Vision-Spr23/blob/main/RV_HW2_Calculations.ipynb\" target=\"_parent\"><img src=\"https://colab.research.google.com/assets/colab-badge.svg\" alt=\"Open In Colab\"/></a>"
      ]
    },
    {
      "cell_type": "code",
      "execution_count": null,
      "metadata": {
        "colab": {
          "base_uri": "https://localhost:8080/"
        },
        "id": "xjoy5H_-7DI8",
        "outputId": "2bb5d0b6-53fc-49fc-e66e-80ce1493efda"
      },
      "outputs": [
        {
          "output_type": "stream",
          "name": "stdout",
          "text": [
            "Original Kernel Float Values\n",
            "[0.029, 0.103, 0.221, 0.285, 0.221, 0.103, 0.029]\n",
            "\n",
            "Row vector with floats\n",
            "[[0.029 0.103 0.221 0.285 0.221 0.103 0.029]]\n",
            "\n",
            "Column vector with floats\n",
            "[[0.029]\n",
            " [0.103]\n",
            " [0.221]\n",
            " [0.285]\n",
            " [0.221]\n",
            " [0.103]\n",
            " [0.029]]\n",
            "\n",
            "Kernel Divided by 1/64\n",
            "[2, 7, 14, 18, 14, 7, 2]\n",
            "\n",
            "Matrix multiplication with floats *********************************\n",
            "[[0.000841 0.002987 0.006409 0.008265 0.006409 0.002987 0.000841]\n",
            " [0.002987 0.010609 0.022763 0.029355 0.022763 0.010609 0.002987]\n",
            " [0.006409 0.022763 0.048841 0.062985 0.048841 0.022763 0.006409]\n",
            " [0.008265 0.029355 0.062985 0.081225 0.062985 0.029355 0.008265]\n",
            " [0.006409 0.022763 0.048841 0.062985 0.048841 0.022763 0.006409]\n",
            " [0.002987 0.010609 0.022763 0.029355 0.022763 0.010609 0.002987]\n",
            " [0.000841 0.002987 0.006409 0.008265 0.006409 0.002987 0.000841]]\n",
            "\n",
            "Matrix multiplication with floats multiplied by 64^2**************\n",
            "[[  3.  12.  26.  34.  26.  12.   3.]\n",
            " [ 12.  43.  93. 120.  93.  43.  12.]\n",
            " [ 26.  93. 200. 258. 200.  93.  26.]\n",
            " [ 34. 120. 258. 333. 258. 120.  34.]\n",
            " [ 26.  93. 200. 258. 200.  93.  26.]\n",
            " [ 12.  43.  93. 120.  93.  43.  12.]\n",
            " [  3.  12.  26.  34.  26.  12.   3.]]\n",
            "\n",
            "Multiplying just integer part of the row and column vectors\n",
            "\n",
            "Mat1\n",
            "[[ 2  7 14 18 14  7  2]]\n",
            "\n",
            "Mat2\n",
            "[[ 2]\n",
            " [ 7]\n",
            " [14]\n",
            " [18]\n",
            " [14]\n",
            " [ 7]\n",
            " [ 2]]\n",
            "\n",
            "[[  4  14  28  36  28  14   4]\n",
            " [ 14  49  98 126  98  49  14]\n",
            " [ 28  98 196 252 196  98  28]\n",
            " [ 36 126 252 324 252 126  36]\n",
            " [ 28  98 196 252 196  98  28]\n",
            " [ 14  49  98 126  98  49  14]\n",
            " [  4  14  28  36  28  14   4]]\n",
            "\n",
            "[[0 0 0 0 0 0 0]\n",
            " [0 0 0 0 0 0 0]\n",
            " [0 0 0 0 0 0 0]\n",
            " [0 0 0 2 0 0 0]\n",
            " [0 0 0 0 0 0 0]\n",
            " [0 0 0 0 0 0 0]\n",
            " [0 0 0 0 0 0 0]]\n",
            "\n",
            "New Gaussian filter should be ~ to Matrix multiplication with floats *********************************\n",
            "\n",
            "[[0.00097656 0.00341797 0.00683594 0.00878906 0.00683594 0.00341797\n",
            "  0.00097656]\n",
            " [0.00341797 0.01196289 0.02392578 0.03076172 0.02392578 0.01196289\n",
            "  0.00341797]\n",
            " [0.00683594 0.02392578 0.04785156 0.06152344 0.04785156 0.02392578\n",
            "  0.00683594]\n",
            " [0.00878906 0.03076172 0.06152344 0.07910156 0.06152344 0.03076172\n",
            "  0.00878906]\n",
            " [0.00683594 0.02392578 0.04785156 0.06152344 0.04785156 0.02392578\n",
            "  0.00683594]\n",
            " [0.00341797 0.01196289 0.02392578 0.03076172 0.02392578 0.01196289\n",
            "  0.00341797]\n",
            " [0.00097656 0.00341797 0.00683594 0.00878906 0.00683594 0.00341797\n",
            "  0.00097656]]\n",
            "\n",
            "2 Times Original Image less Gaussian blur\n",
            "\n",
            "[[-9.76562500e-04 -3.41796875e-03 -6.83593750e-03 -8.78906250e-03\n",
            "  -6.83593750e-03 -3.41796875e-03 -9.76562500e-04]\n",
            " [-3.41796875e-03 -1.19628906e-02 -2.39257812e-02 -3.07617188e-02\n",
            "  -2.39257812e-02 -1.19628906e-02 -3.41796875e-03]\n",
            " [-6.83593750e-03 -2.39257812e-02 -4.78515625e-02 -6.15234375e-02\n",
            "  -4.78515625e-02 -2.39257812e-02 -6.83593750e-03]\n",
            " [-8.78906250e-03 -3.07617188e-02 -6.15234375e-02  1.92089844e+00\n",
            "  -6.15234375e-02 -3.07617188e-02 -8.78906250e-03]\n",
            " [-6.83593750e-03 -2.39257812e-02 -4.78515625e-02 -6.15234375e-02\n",
            "  -4.78515625e-02 -2.39257812e-02 -6.83593750e-03]\n",
            " [-3.41796875e-03 -1.19628906e-02 -2.39257812e-02 -3.07617188e-02\n",
            "  -2.39257812e-02 -1.19628906e-02 -3.41796875e-03]\n",
            " [-9.76562500e-04 -3.41796875e-03 -6.83593750e-03 -8.78906250e-03\n",
            "  -6.83593750e-03 -3.41796875e-03 -9.76562500e-04]]\n",
            "\n",
            "ROUNDED -> 2 Times Original Image less Gaussian blur\n",
            "\n",
            "[[-1.000e-03 -3.000e-03 -7.000e-03 -9.000e-03 -7.000e-03 -3.000e-03\n",
            "  -1.000e-03]\n",
            " [-3.000e-03 -1.200e-02 -2.400e-02 -3.100e-02 -2.400e-02 -1.200e-02\n",
            "  -3.000e-03]\n",
            " [-7.000e-03 -2.400e-02 -4.800e-02 -6.200e-02 -4.800e-02 -2.400e-02\n",
            "  -7.000e-03]\n",
            " [-9.000e-03 -3.100e-02 -6.200e-02  1.921e+00 -6.200e-02 -3.100e-02\n",
            "  -9.000e-03]\n",
            " [-7.000e-03 -2.400e-02 -4.800e-02 -6.200e-02 -4.800e-02 -2.400e-02\n",
            "  -7.000e-03]\n",
            " [-3.000e-03 -1.200e-02 -2.400e-02 -3.100e-02 -2.400e-02 -1.200e-02\n",
            "  -3.000e-03]\n",
            " [-1.000e-03 -3.000e-03 -7.000e-03 -9.000e-03 -7.000e-03 -3.000e-03\n",
            "  -1.000e-03]]\n",
            "\n"
          ]
        }
      ],
      "source": [
        "import math\n",
        "import numpy as np\n",
        "\n",
        "sigma = 1.4\n",
        "kernel = []\n",
        "new_kernel = []\n",
        "\n",
        "def gaussian(x: int):\n",
        "  return (1 / ((2 * math.pi)**0.5 * sigma)) * math.e**(- x**2 / ( 2 * sigma**2)) \n",
        "\n",
        "sum = 0\n",
        "for x in range (-3, 4):\n",
        "  kernel.append(round(gaussian(x), 3))\n",
        "\n",
        "print(\"Original Kernel Float Values\")\n",
        "print(kernel)\n",
        "print()\n",
        "\n",
        "mat11 = np.matrix(kernel)\n",
        "mat22 = mat11.reshape(-1,1)\n",
        "\n",
        "print(\"Row vector with floats\")\n",
        "print(mat11)\n",
        "print()\n",
        "\n",
        "print(\"Column vector with floats\")\n",
        "print(mat22)\n",
        "print()\n",
        "\n",
        "for i in range(len(kernel)):\n",
        "  kernel[i] = round(kernel[i] * 64)\n",
        "\n",
        "print(\"Kernel Divided by 1/64\")\n",
        "print(kernel)\n",
        "print()\n",
        "\n",
        "new_res = np.matmul(mat22, mat11)\n",
        "print(\"Matrix multiplication with floats *********************************\")\n",
        "print(new_res)\n",
        "print()\n",
        "\n",
        "new_res64 = np.around(64**2 * new_res)\n",
        "print(\"Matrix multiplication with floats multiplied by 64^2**************\")\n",
        "print(new_res64)\n",
        "print()\n",
        "\n",
        "mat1 = np.matrix(kernel)\n",
        "mat2 = mat1.T\n",
        "res = np.matmul(mat2, mat1)\n",
        "\n",
        "print(\"Multiplying just integer part of the row and column vectors\\n\")\n",
        "print(\"Mat1\")\n",
        "print(mat1)\n",
        "print()\n",
        "print(\"Mat2\")\n",
        "print(mat2)\n",
        "print()\n",
        "print(res)\n",
        "print()\n",
        "\n",
        "original = np.matrix([[0, 0, 0, 0, 0, 0 , 0],\n",
        "                     [0, 0, 0, 0, 0, 0 , 0],\n",
        "                     [0, 0, 0, 0, 0, 0 , 0],\n",
        "                     [0, 0, 0, 2, 0, 0 , 0],\n",
        "                     [0, 0, 0, 0, 0, 0 , 0],\n",
        "                     [0, 0, 0, 0, 0, 0 , 0],\n",
        "                     [0, 0, 0, 0, 0, 0 , 0]])\n",
        "\n",
        "print(original)\n",
        "print()\n",
        "\n",
        "new_gaussian = 1/4096 * res\n",
        "print(\"New Gaussian filter should be ~ to Matrix multiplication with floats *********************************\\n\")\n",
        "print(new_gaussian)\n",
        "print()\n",
        "\n",
        "print(\"2 Times Original Image less Gaussian blur\\n\")\n",
        "res2 = np.subtract(original, new_gaussian)\n",
        "print(res2)\n",
        "print()\n",
        "\n",
        "print(\"ROUNDED -> 2 Times Original Image less Gaussian blur\\n\")\n",
        "res2_rounded = np.round(res2, 3)\n",
        "print(res2_rounded)\n",
        "print()"
      ]
    },
    {
      "cell_type": "code",
      "source": [
        "sigma = 1\n",
        "kernel = []\n",
        "\n",
        "# Check function againts example online with sigma = 1. Function implementation is right\n",
        "def gaussian(x: int):\n",
        "  return (1 / ((2 * math.pi)**0.5 * sigma)) * math.e**(- x**2 / ( 2 * sigma**2)) \n",
        "\n",
        "sum = 0\n",
        "for x in range (-1, 2):\n",
        "  kernel.append(round(gaussian(x), 3))\n",
        "\n",
        "print(kernel)\n",
        "\n",
        "# Divide by 16\n",
        "for i in range(len(kernel)):\n",
        "  kernel[i] = round(kernel[i] * 4)\n",
        "\n",
        "print(kernel)\n"
      ],
      "metadata": {
        "colab": {
          "base_uri": "https://localhost:8080/"
        },
        "id": "fmUDUqYGjR5Q",
        "outputId": "2026564f-9c4d-492e-9015-b34282c70293"
      },
      "execution_count": null,
      "outputs": [
        {
          "output_type": "stream",
          "name": "stdout",
          "text": [
            "[0.242, 0.399, 0.242]\n",
            "[1, 2, 1]\n"
          ]
        }
      ]
    }
  ]
}